[gd_scene load_steps=8 format=3 uid="uid://by8s8bdcjxiij"]

[ext_resource type="PackedScene" uid="uid://x81xtcc2nnwq" path="res://Models/WallwithRust/WallRustedTexture.gltf" id="1_qplx4"]
[ext_resource type="PackedScene" uid="uid://drsbnbd3pd0fx" path="res://Models/Wall/WallTexture.gltf" id="2_3kgym"]
[ext_resource type="PackedScene" uid="uid://g7c7o4w3vs35" path="res://Models/Wall2/WallRustedTexture.gltf" id="3_dicqg"]
[ext_resource type="PackedScene" uid="uid://c22jfi7iig0hk" path="res://Imports/Scenes/floor.tscn" id="4_2q4vv"]
[ext_resource type="PackedScene" uid="uid://b8fhs0cwb4wgt" path="res://Models/Pipe/PipeTexture.gltf" id="6_fmyec"]
[ext_resource type="PackedScene" uid="uid://do3xn8c4ivtmm" path="res://Models/SecurityCam/SecurityCamtexture.gltf" id="6_pj5ow"]
[ext_resource type="PackedScene" uid="uid://dx1d4quvyjnd" path="res://Models/Speaker/SpeakerTexture.gltf" id="7_6kkj3"]

[node name="Room" type="Node3D"]
transform = Transform3D(1, 0, 0, 0, 1, 0, 0, 0, 1, 0, -0.75, 0)

[node name="WallRustedTexture" parent="." instance=ExtResource("1_qplx4")]
transform = Transform3D(0.00113536, 0.00424387, 0.99999, 0.000209041, 0.999991, -0.00424411, -0.999999, 0.00021385, 0.00113446, -1.49885, 0.00657521, -0.00170112)

[node name="WallRustedTexture3" parent="." instance=ExtResource("1_qplx4")]
transform = Transform3D(0.00113536, 0.00424387, 0.99999, 0.000209041, 0.999991, -0.00424411, -0.999999, 0.00021385, 0.00113446, -1.50226, 0.00594808, 2.9983)

[node name="WallTexture" parent="." instance=ExtResource("2_3kgym")]
transform = Transform3D(0.99999, 0.00424387, -0.0011354, -0.00424411, 0.999991, -0.000209041, 0.00113451, 0.00021385, 0.999999, -1.49885, 0.00657521, -0.00170112)

[node name="WallTexture2" parent="." instance=ExtResource("2_3kgym")]
transform = Transform3D(-0.00113545, 0.00424387, -0.99999, -0.000209041, 0.999991, 0.00424411, 0.999999, 0.00021385, -0.00113455, 1.49771, -0.00678425, 3.0017)

[node name="WallRustedTexture2" parent="." instance=ExtResource("3_dicqg")]
transform = Transform3D(0.99999, 0.00424387, -0.0011354, -0.00424411, 0.999991, -0.000209041, 0.00113451, 0.00021385, 0.999999, 1.50112, -0.00615713, 0.00170243)

[node name="WallRustedTexture4" parent="." instance=ExtResource("3_dicqg")]
transform = Transform3D(-0.00113545, 0.00424387, -0.99999, -0.000209041, 0.999991, 0.00424411, 0.999999, 0.00021385, -0.00113455, 1.50112, -0.00615713, 0.00170243)

[node name="Roof" parent="." instance=ExtResource("4_2q4vv")]
transform = Transform3D(1, 0, 0, 0, -1, 8.74228e-08, 0, -8.74228e-08, -1, 0, 3, 0)

[node name="PipeTexture" parent="." instance=ExtResource("6_fmyec")]
transform = Transform3D(-4.37114e-08, 0, 1, 0, 1, 0, -1, 0, -4.37114e-08, -2.87013, 0, 3.31103)

[node name="PipeTexture2" parent="." instance=ExtResource("6_fmyec")]
transform = Transform3D(-4.37114e-08, 0, 1, 0, 1, 0, -1, 0, -4.37114e-08, -2.87013, 0, 1.25762)

[node name="PipeTexture3" parent="." instance=ExtResource("6_fmyec")]
transform = Transform3D(-4.37114e-08, 0, 1, 0, 1, 0, -1, 0, -4.37114e-08, -2.87013, 0, -0.794129)

[node name="SecurityCamtexture" parent="." instance=ExtResource("6_pj5ow")]
transform = Transform3D(0.256547, 0.0452361, -0.965473, -0.173648, 0.984807, 0, 0.950805, 0.167652, 0.260505, -1.07549, 1.87545, -0.883017)

[node name="OmniLight3D" type="OmniLight3D" parent="SecurityCamtexture"]
transform = Transform3D(1, -1.49012e-08, 0, 0, 1, 9.31323e-08, 0, -9.68575e-08, 1, 0.154025, 1.02122, 0.0250854)
light_color = Color(0.608335, 0, 0.113326, 1)
light_energy = 0.25
omni_range = 0.150092

[node name="SpeakerTexture" parent="." instance=ExtResource("7_6kkj3")]
transform = Transform3D(1, 0, 0, 0, 1, 0, 0, 0, 1, 1.46857, -0.0445451, 0.0607982)

[node name="SpeakerTexture2" parent="." instance=ExtResource("7_6kkj3")]
transform = Transform3D(-4.37114e-08, 0, 1, 0, 1, 0, -1, 0, -4.37114e-08, -1.48308, -0.281362, -0.0146382)
