[gd_scene load_steps=8 format=3 uid="uid://by8s8bdcjxiij"]

[ext_resource type="PackedScene" uid="uid://x81xtcc2nnwq" path="res://Models/WallwithRust/WallRustedTexture.gltf" id="1_qplx4"]
[ext_resource type="PackedScene" uid="uid://drsbnbd3pd0fx" path="res://Models/Wall/WallTexture.gltf" id="2_3kgym"]
[ext_resource type="PackedScene" uid="uid://g7c7o4w3vs35" path="res://Models/Wall2/WallRustedTexture.gltf" id="3_dicqg"]
[ext_resource type="PackedScene" uid="uid://c22jfi7iig0hk" path="res://Imports/floor.tscn" id="4_2q4vv"]
[ext_resource type="PackedScene" uid="uid://b8fhs0cwb4wgt" path="res://Models/Pipe/PipeTexture.gltf" id="6_fmyec"]
[ext_resource type="PackedScene" uid="uid://do3xn8c4ivtmm" path="res://Models/SecurityCam/SecurityCamtexture.gltf" id="6_pj5ow"]
[ext_resource type="PackedScene" uid="uid://dx1d4quvyjnd" path="res://Models/Speaker/SpeakerTexture.gltf" id="7_6kkj3"]

[node name="Room" type="Node3D"]
transform = Transform3D(1, 0, 0, 0, 1, 0, 0, 0, 1, 0, -0.75, 0)

[node name="WallRustedTexture" parent="." instance=ExtResource("1_qplx4")]
transform = Transform3D(0.00113536, 0.00424387, 0.99999, 0.000209041, 0.999991, -0.00424411, -0.999999, 0.00021385, 0.00113446, -1.49885, 0.00657521, -0.00170112)

[node name="WallRustedTexture3" parent="." instance=ExtResource("1_qplx4")]
transform = Transform3D(0.00113536, 0.00424387, 0.99999, 0.000209041, 0.999991, -0.00424411, -0.999999, 0.00021385, 0.00113446, -1.50226, 0.00594808, 2.9983)

[node name="WallTexture" parent="." instance=ExtResource("2_3kgym")]
transform = Transform3D(0.99999, 0.00424387, -0.0011354, -0.00424411, 0.999991, -0.000209041, 0.00113451, 0.00021385, 0.999999, -1.49885, 0.00657521, -0.00170112)

[node name="WallTexture2" parent="." instance=ExtResource("2_3kgym")]
transform = Transform3D(-0.00113545, 0.00424387, -0.99999, -0.000209041, 0.999991, 0.00424411, 0.999999, 0.00021385, -0.00113455, 1.49771, -0.00678425, 3.0017)

[node name="WallRustedTexture2" parent="." instance=ExtResource("3_dicqg")]
transform = Transform3D(0.99999, 0.00424387, -0.0011354, -0.00424411, 0.999991, -0.000209041, 0.00113451, 0.00021385, 0.999999, 1.50112, -0.00615713, 0.00170243)

[node name="WallRustedTexture4" parent="." instance=ExtResource("3_dicqg")]
transform = Transform3D(-0.00113545, 0.00424387, -0.99999, -0.000209041, 0.999991, 0.00424411, 0.999999, 0.00021385, -0.00113455, 1.50112, -0.00615713, 0.00170243)

[node name="Roof" parent="." instance=ExtResource("4_2q4vv")]
transform = Transform3D(1, 0, 0, 0, -1, 8.74228e-08, 0, -8.74228e-08, -1, 0, 3, 0)

[node name="PipeTexture" parent="." instance=ExtResource("6_fmyec")]
transform = Transform3D(-4.37114e-08, 0, 1, 0, 1, 0, -1, 0, -4.37114e-08, -2.87013, 0, 3.31103)

[node name="PipeTexture2" parent="." instance=ExtResource("6_fmyec")]
transform = Transform3D(-4.37114e-08, 0, 1, 0, 1, 0, -1, 0, -4.37114e-08, -2.87013, 0, 1.25762)

[node name="PipeTexture3" parent="." instance=ExtResource("6_fmyec")]
transform = Transform3D(-4.37114e-08, 0, 1, 0, 1, 0, -1, 0, -4.37114e-08, -2.87013, 0, -0.794129)

[node name="SecurityCamtexture" parent="." instance=ExtResource("6_pj5ow")]
transform = Transform3D(0.261532, 1.06296e-09, -0.965195, -0.0429932, 0.999007, -0.0116496, 0.964237, 0.0445435, 0.261273, -1.07549, 1.8553, -0.883017)

[node name="SpeakerTexture" parent="." instance=ExtResource("7_6kkj3")]
transform = Transform3D(1, 0, 0, 0, 1, 0, 0, 0, 1, 1.46857, -0.0445451, 0.0607982)

[node name="SpeakerTexture2" parent="." instance=ExtResource("7_6kkj3")]
transform = Transform3D(-4.37114e-08, 0, 1, 0, 1, 0, -1, 0, -4.37114e-08, -1.48308, -0.281362, -0.0146382)
